Model: RF
RMSE: 3.9973181274923126
R-squared: 0.6945338127928866
MAE: 2.613665457114926

Model: GBT
RMSE: 3.906880858480426
R-squared: 0.7081994857210989
MAE: 2.586845728042487

Model: LR
RMSE: 3.8285255428131157
R-squared: 0.719786654103675
MAE: 2.554460669856577

